<?xml version="1.0" standalone="no"?>
<!DOCTYPE svg PUBLIC "-//W3C//DTD SVG 20010904//EN"
 "http://www.w3.org/TR/2001/REC-SVG-20010904/DTD/svg10.dtd">
<svg version="1.0" xmlns="http://www.w3.org/2000/svg"
 width="181.000000pt" height="214.000000pt" viewBox="0 0 181.000000 214.000000"
 preserveAspectRatio="xMidYMid meet">
<metadata>
Created by potrace 1.16, written by Peter Selinger 2001-2019
</metadata>
<g transform="translate(0.000000,214.000000) scale(0.100000,-0.100000)"
fill="#000000" stroke="none">
<path d="M493 2098 c-72 -82 -241 -346 -263 -412 -18 -56 -30 -134 -46 -316
-6 -60 -4 -71 26 -130 18 -36 41 -77 52 -93 23 -32 36 13 -107 -372 -149 -400
-156 -424 -153 -479 3 -48 5 -50 48 -72 25 -12 92 -32 150 -44 58 -12 137 -34
175 -49 39 -15 106 -37 150 -49 209 -54 655 -56 965 -2 235 40 339 121 286
222 -8 14 -37 102 -66 195 -118 379 -259 793 -300 877 -26 54 -64 111 -97 146
-72 78 -755 600 -785 600 -8 0 -24 -10 -35 -22z m109 -58 c34 -27 124 -97 198
-156 135 -106 234 -208 353 -363 32 -42 68 -92 79 -111 12 -19 35 -57 53 -85
18 -27 59 -93 91 -145 32 -52 78 -126 103 -165 40 -62 118 -251 107 -262 -8
-9 -279 349 -466 617 -151 216 -178 247 -273 317 -82 60 -357 326 -357 346 0
12 31 57 40 57 5 0 37 -22 72 -50z m47 -211 c53 -53 124 -117 159 -142 122
-89 146 -117 332 -387 114 -166 301 -415 394 -525 73 -86 77 -95 115 -215 22
-68 38 -126 36 -128 -2 -2 -19 13 -37 34 -54 62 -145 163 -240 262 -107 112
-321 368 -375 448 -22 33 -77 120 -123 194 -57 93 -104 155 -150 200 -59 57
-69 72 -79 120 -18 80 -40 137 -56 144 -7 2 -25 -1 -39 -7 -19 -9 -25 -19 -22
-37 1 -14 5 -31 9 -37 4 -7 3 -14 -2 -17 -5 -3 -20 9 -34 27 -13 17 -41 50
-62 72 -70 76 -71 77 -33 134 l33 50 39 -47 c22 -26 83 -90 135 -143z m-229
50 c7 -11 47 -63 91 -114 43 -52 79 -103 79 -114 0 -11 5 -23 11 -26 5 -4 9
-17 8 -28 -4 -57 12 -80 26 -36 5 16 10 18 21 8 8 -6 14 -8 14 -4 0 4 11 0 25
-9 29 -19 36 -1 8 20 -10 7 -13 14 -7 14 25 0 96 -77 150 -163 231 -368 347
-512 734 -912 70 -72 129 -140 132 -153 7 -26 9 -26 -33 -8 -19 8 -69 19 -111
26 l-76 12 -137 157 c-76 86 -215 237 -310 337 l-173 180 -22 78 c-12 43 -32
107 -46 142 -13 35 -24 75 -24 89 0 16 -4 23 -13 19 -8 -3 -18 5 -25 18 l-11
23 -1 -25 c-1 -14 -4 -19 -7 -12 -10 26 -21 10 -17 -25 4 -26 3 -34 -4 -24 -7
9 -12 10 -16 2 -12 -20 -33 -12 -44 17 -6 15 -23 58 -38 97 -40 103 -87 170
-182 262 l-84 82 28 46 c33 51 39 54 54 24z m-4 -166 c95 -92 141 -167 200
-330 36 -99 40 -118 23 -93 -8 11 -12 12 -16 2 -2 -6 -8 -10 -13 -7 -10 6 -25
-34 -15 -43 3 -4 20 1 37 11 17 10 34 14 38 10 38 -44 95 -133 96 -153 4 -53
27 -156 40 -176 10 -16 20 -20 41 -16 45 8 55 21 48 61 -5 34 0 31 112 -84
108 -110 159 -165 342 -369 34 -37 70 -81 81 -97 l20 -28 -23 3 c-12 1 -28 6
-35 10 -7 4 -12 2 -12 -4 0 -7 -7 -5 -16 4 -8 9 -19 16 -24 16 -5 0 -27 26
-49 58 -37 54 -131 154 -131 139 0 -4 15 -24 34 -44 45 -52 106 -133 106 -143
0 -11 -39 -20 -45 -9 -3 4 -12 6 -20 3 -25 -10 -54 16 -132 114 -80 101 -106
130 -285 316 -140 146 -184 202 -252 318 -31 54 -62 100 -68 104 -24 15 126
-237 180 -301 13 -16 93 -102 177 -190 192 -202 264 -286 294 -342 10 -19 9
-22 -4 -17 -9 4 -15 1 -15 -7 0 -10 -3 -10 -8 -3 -5 8 -30 9 -82 3 -66 -7 -76
-6 -92 11 -10 11 -18 25 -18 32 -1 7 -14 29 -30 48 -17 19 -30 39 -30 45 0 6
-13 24 -30 40 -16 16 -30 34 -30 41 0 7 -9 16 -20 19 -11 3 -20 10 -20 14 0 4
-19 27 -42 49 -24 23 -73 71 -110 107 -37 36 -70 75 -73 86 -4 12 -13 18 -20
15 -9 -3 -12 0 -8 10 3 7 1 14 -4 14 -6 0 -16 12 -23 28 -7 15 -15 22 -17 15
-3 -7 -9 -13 -15 -13 -7 0 -6 5 1 14 10 12 1 31 -45 100 -31 47 -61 83 -67 79
-6 -3 -7 -1 -3 5 8 13 -49 102 -64 102 -6 0 -10 5 -10 12 0 7 -11 28 -24 47
-24 36 -24 36 -11 151 16 142 21 161 57 233 34 67 33 68 124 -20z m735 -100
c121 -92 193 -168 224 -235 33 -74 128 -348 122 -354 -3 -3 -22 25 -42 63 -21
37 -53 92 -71 120 -19 29 -34 55 -34 58 0 10 -146 228 -181 271 -19 23 -59 70
-89 105 -64 73 -58 71 71 -28z m-841 -581 c0 -5 7 -17 16 -28 14 -17 15 -17
10 -1 -4 11 -2 16 5 12 5 -4 7 -14 5 -23 -3 -10 -1 -24 4 -32 5 -8 10 -11 10
-6 0 5 13 -9 28 -30 16 -21 36 -45 45 -53 9 -7 17 -18 17 -23 0 -19 81 -118
92 -112 6 4 8 3 5 -3 -7 -11 39 -83 53 -83 6 0 8 -83 5 -217 -5 -215 -6 -218
-30 -243 l-25 -25 -16 23 c-17 25 -30 28 -37 10 -2 -7 -3 -5 -2 4 2 9 -8 26
-21 37 -12 11 -30 44 -39 73 -22 74 -52 284 -65 468 -12 154 -20 204 -20 119
0 -126 44 -528 66 -608 7 -22 5 -23 -19 -17 -19 4 -27 2 -27 -6 0 -9 -3 -8
-10 2 -5 8 -22 15 -37 15 -24 0 -29 6 -40 45 -25 82 -53 240 -64 359 -11 111
-11 119 11 181 48 136 62 170 71 170 5 0 9 -4 9 -8z m-105 -419 c9 -67 26
-166 39 -222 23 -104 22 -111 -20 -103 -18 3 -26 19 -45 85 -27 91 -39 82 -15
-11 21 -78 21 -77 -14 -77 -24 0 -33 7 -47 35 -31 64 -23 139 32 287 27 73 50
131 52 130 1 -2 10 -58 18 -124z m476 -73 c5 0 9 7 9 15 0 9 6 12 16 8 15 -6
15 -7 0 -19 -14 -10 -15 -16 -6 -33 6 -12 15 -19 21 -16 5 4 9 0 9 -7 0 -7 16
-31 35 -53 59 -66 85 -118 76 -151 -7 -27 -12 -30 -87 -41 -43 -7 -91 -14
-106 -17 l-28 -5 0 117 c0 64 3 147 6 184 l7 67 19 -24 c11 -14 24 -25 29 -25z"/>
<path d="M396 1218 c32 -46 61 -85 64 -88 3 -3 34 -45 70 -95 35 -49 116 -155
180 -235 64 -80 142 -180 174 -223 32 -42 60 -77 63 -77 6 0 -8 44 -17 50 -12
9 -312 392 -448 573 -140 186 -184 234 -86 95z"/>
</g>
</svg>
